// Height Info
// Top UV - Bottom UV - Height in Pixels
0.25	0.84375	0.24	4

// Char Info
// Char - Left UV - Right UV - Width in Pixels
a	0.00390625		0.013671875		10	
b	0.014648438		0.025390625		11
c	0.025390625		0.034179688		9	
d	0.034179688		0.044921875		11
e	0.045898438		0.055664063		10
f	0.0546875		0.063476563		9	
g	0.0625			0.072265625		10
h	0.07421875		0.083007813		9	
i	0.084960938		0.08984375		5	
j	0.088867188		0.094726563		6	
k	0.095703125		0.10546875		10
l	0.10546875		0.109375		4	
m	0.111328125		0.125976563		15
n	0.126953125		0.13671875		10
o	0.137695313		0.1484375		11
p	0.149414063		0.16015625		11
q	0.16015625		0.170898438		11
r	0.171875		0.178710938		7	
s	0.178710938		0.186523438		8	
t	0.185546875		0.194335938		9	
u	0.194335938		0.204101563		10
v	0.204101563		0.21484375		11
w	0.21484375		0.229492188		15
x	0.228515625		0.23828125		10
y	0.23828125		0.249023438		11
z	0.248046875		0.2578125		10
A	0.256835938		0.26953125		13
B	0.26953125		0.279296875		10
C	0.280273438		0.291992188		12
D	0.291992188		0.3046875		13
E	0.305664063		0.314453125		9	
F	0.315429688		0.32421875		9	
G	0.32421875		0.336914063		13
H	0.337890625		0.348632813		11
I	0.350585938		0.354492188		4	
J	0.354492188		0.362304688		8	
K	0.364257813		0.375			11
L	0.375			0.383789063		9	
M	0.383789063		0.3984375		15
N	0.399414063		0.411132813		12
O	0.412109375		0.424804688		13
P	0.42578125		0.435546875		10
Q	0.436523438		0.44921875		13
R	0.450195313		0.4609375		11
S	0.4609375		0.469726563		9	
T	0.469726563		0.481445313		12
U	0.481445313		0.4921875		11
V	0.4921875		0.504882813		13
W	0.50390625		0.520507813		17
X	0.520507813		0.532226563		12
Y	0.53125			0.54296875		12
Z	0.54296875		0.553710938		11
0	0.553710938		0.564453125		11
1	0.565429688		0.572265625		7	
2	0.57421875		0.584960938		11
3	0.584960938		0.594726563		10
4	0.594726563		0.606445313		12
5	0.60546875		0.615234375		10
6	0.616210938		0.625976563		10
7	0.626953125		0.63671875		10
8	0.63671875		0.646484375		10
9	0.647460938		0.657226563		10
!	0.657226563		0.662109375		5	
@	0.663085938		0.676757813		14
#	0.676757813		0.686523438		10
$	0.6875			0.696289063		9	
%	0.697265625		0.712890625		16
^	0.712890625		0.723632813		11
&	0.724609375		0.736328125		12
*	0.736328125		0.745117188		9	
(	0.745117188		0.750976563		6	
)	0.750976563		0.756835938		6	
_	0.756835938		0.768554688		12
+	0.767578125		0.779296875		13
=	0.779296875		0.791015625		12
-	0.791015625		0.797851563		7	
[	0.798828125		0.8046875		6	
]	0.803710938		0.809570313		6	
{	0.810546875		0.817382813		7	
}	0.81640625		0.823242188		7	
;	0.823242188		0.828125		5	
'	0.828125		0.833007813		5	
:	0.833007813		0.837890625		5	
"	0.837890625		0.844726563		7	
,	0.844726563		0.848632813		4	
.	0.84765625		0.852539063		6	
/	0.852539063		0.861328125		9	
<	0.860351563		0.87109375		11
>	0.872070313		0.8828125		11
?	0.883789063		0.891601563		8	
~	0.892578125		0.904296875		12
`	0.903320313		0.909179688		6	
\	0.91015625		0.918945313		9	
|	0.918945313		0.922851563		4	